
   npar=2
!  masses
   xm(1)=1.  xm(2)=1.         
!  charges
!  z( 1)=0.  z( 2)=0. 
!
!   isospin configurations
    nisc=2
    cisc(1)= 1 iso(1,1)=2 iso(2,1)=1 
    cisc(2)=-1 iso(1,2)=1 iso(2,2)=2 
!
!   spin configurations
    nspc=2
    cspc(1)= 1 isp(1,1)=1 isp(2,1)=2 
    cspc(2)= 1 isp(1,2)=2 isp(2,2)=1 
!
   ! h2m=41.47
    h2m = 1.0
    irand=-1776 ibf=1
    eB=1
    mm0=15  kk0=15  mnb=400
    bmin=0.001  bmax=7.4
!
! Pionless EFT LO Potential
! number of potential terms and operators
  npt=1  nop=1
 vpot(1,1)=-1036.326942     apot(1,1)=9   bpot(1,1)=0  npot(1,1)=0
 vpot(1,3)=-54.2653923      apot(1,3)=9   bpot(1,3)=0  npot(1,3)=0
! vpot(1,1)=-473.16     apot(1,1)=4   bpot(1,1)=0  npot(1,1)=0
      itr= 1        E= 3.120676
      itr= 2        E= 3.057075
      itr= 3        E= 3.033314
      itr= 4        E= 3.026837
      itr= 5        E= 3.022141
  more eigenvalues=  3.022141  5.077963  5.326474  6.819107  7.051896  
      itr= 6        E= 3.018928
      itr= 7        E= 3.015389
      itr= 8        E= 3.012139
      itr= 9        E= 3.007765
      itr= 10        E= 3.006956
  more eigenvalues=  3.006956  5.028658  5.158866  5.274341  5.843499  
      itr= 11        E= 3.005177
      itr= 12        E= 3.004817
      itr= 13        E= 3.004460
      itr= 14        E= 3.003934
      itr= 15        E= 3.003405
  more eigenvalues=  3.003405  5.023915  5.079019  5.241658  5.453375  
      itr= 16        E= 3.003094
      itr= 17        E= 3.002880
      itr= 18        E= 3.002738
      itr= 19        E= 3.002509
      itr= 20        E= 3.002279
  more eigenvalues=  3.002279  5.022126  5.069710  5.144095  5.343273  
      itr= 21        E= 3.002187
      itr= 22        E= 3.002011
      itr= 23        E= 3.001955
      itr= 24        E= 3.001812
      itr= 25        E= 3.001671
  more eigenvalues=  3.001671  5.019854  5.029448  5.104155  5.223535  
      itr= 26        E= 3.001589
      itr= 27        E= 3.001504
      itr= 28        E= 3.001452
      itr= 29        E= 3.001216
      itr= 30        E= 3.001141
  more eigenvalues=  3.001141  5.016389  5.021825  5.076782  5.168515  
      itr= 31        E= 3.001036
      itr= 32        E= 3.000968
      itr= 33        E= 3.000827
      itr= 34        E= 3.000752
      itr= 35        E= 3.000690
  more eigenvalues=  3.000690  5.010264  5.019874  5.056559  5.117020  
      itr= 36        E= 3.000648
      itr= 37        E= 3.000620
      itr= 38        E= 3.000598
      itr= 39        E= 3.000567
      itr= 40        E= 3.000554
  more eigenvalues=  3.000554  5.007830  5.019083  5.046273  5.105816  5.176183  5.203899  7.048166  7.079958  7.088317  7.114952  7.142180  7.198090  7.245630  7.346368  7.432169  7.575049  7.673267  7.842334  8.159672  8.334898  8.395670  8.752589  8.932851  9.128561  9.285976  9.351524  9.536765  9.760909  9.988854  10.079389  10.381113  10.472938  10.793099  10.927755  11.275827  11.623363  11.674603  12.465664  13.039801  
      itr= 41        E= 3.000534
      itr= 42        E= 3.000518
      itr= 43        E= 3.000503
      itr= 44        E= 3.000486
      itr= 45        E= 3.000464
  more eigenvalues=  3.000464  5.006764  5.016844  5.044510  5.093778  5.120278  5.164886  7.046729  7.073488  7.078675  7.100594  7.138321  7.186359  7.201520  7.252010  7.302512  7.469836  7.505909  7.660378  7.971232  8.084389  8.242786  8.585691  8.699554  8.855682  9.025238  9.276316  9.438524  9.472249  9.628483  9.687025  9.987783  10.008145  10.076336  10.396065  10.490502  10.747468  10.936052  11.206564  11.372540  
      itr= 46        E= 3.000449
      itr= 47        E= 3.000440
      itr= 48        E= 3.000423
      itr= 49        E= 3.000411
      itr= 50        E= 3.000397
  more eigenvalues=  3.000397  5.006557  5.015772  5.042088  5.085846  5.104223  5.154959  7.045413  7.070430  7.076500  7.088858  7.129146  7.164372  7.193375  7.221404  7.281142  7.424074  7.474216  7.605091  7.646762  7.843651  8.037886  8.315177  8.551226  8.758891  8.842896  9.098948  9.290709  9.415200  9.448613  9.468869  9.593970  9.830529  9.971636  9.981119  10.140314  10.333275  10.438281  10.566118  10.655418  
      itr= 51        E= 3.000376
      itr= 52        E= 3.000367
      itr= 53        E= 3.000356
      itr= 54        E= 3.000347
      itr= 55        E= 3.000335
  more eigenvalues=  3.000335  5.006254  5.015003  5.037911  5.081126  5.096008  5.153136  7.042475  7.067952  7.072714  7.087374  7.124472  7.158418  7.186358  7.217051  7.269253  7.410234  7.460856  7.580601  7.644830  7.828895  8.021790  8.164274  8.212308  8.562825  8.670359  8.987475  9.241093  9.286791  9.355420  9.409609  9.501105  9.612507  9.731111  9.868382  9.982344  10.065586  10.117133  10.204380  10.331595  
      itr= 56        E= 3.000326
      itr= 57        E= 3.000316
      itr= 58        E= 3.000307
      itr= 59        E= 3.000292
      itr= 60        E= 3.000286
  more eigenvalues=  3.000286  5.005900  5.014821  5.036361  5.073686  5.081729  5.131134  7.039475  7.064534  7.066805  7.082624  7.118356  7.142894  7.181090  7.211870  7.242272  7.351325  7.410928  7.494224  7.539253  7.672286  7.890588  8.065238  8.204960  8.383481  8.569400  8.683639  8.882220  9.232992  9.263855  9.361527  9.406611  9.482292  9.593003  9.688184  9.860247  9.897641  9.987730  10.132816  10.152361  
      itr= 61        E= 3.000281
      itr= 62        E= 3.000272
      itr= 63        E= 3.000267
      itr= 64        E= 3.000259
      itr= 65        E= 3.000248
  more eigenvalues=  3.000248  5.005528  5.013457  5.033318  5.069488  5.076041  5.125489  7.032671  7.056559  7.061371  7.080546  7.112904  7.139251  7.173970  7.195616  7.224318  7.333890  7.406471  7.471032  7.506218  7.572328  7.635728  7.921662  8.100254  8.179748  8.513394  8.569382  8.738701  8.928630  9.129035  9.245009  9.261702  9.371951  9.519218  9.653114  9.673010  9.761531  9.822235  9.878133  9.901609  
      itr= 66        E= 3.000241
      itr= 67        E= 3.000234
      itr= 68        E= 3.000230
      itr= 69        E= 3.000222
      itr= 70        E= 3.000215
  more eigenvalues=  3.000215  5.005085  5.011133  5.031593  5.062591  5.069453  5.122678  7.032469  7.055216  7.060459  7.078190  7.084919  7.128564  7.150014  7.173669  7.199613  7.266473  7.366444  7.441603  7.443883  7.496350  7.567067  7.782891  7.896014  8.062559  8.251023  8.417592  8.548948  8.840364  9.002362  9.185530  9.236867  9.356389  9.453015  9.478544  9.587722  9.656863  9.687787  9.759055  9.795044  
      itr= 71        E= 3.000210
      itr= 72        E= 3.000204
      itr= 73        E= 3.000200
      itr= 74        E= 3.000197
      itr= 75        E= 3.000192
  more eigenvalues=  3.000192  5.004743  5.010715  5.027254  5.044193  5.061929  5.117821  7.031509  7.052651  7.057627  7.072973  7.082452  7.114877  7.144382  7.163506  7.178718  7.238932  7.353311  7.361894  7.394716  7.428421  7.539572  7.639514  7.741878  7.903004  8.069427  8.242331  8.420265  8.445445  8.920569  8.949183  9.191662  9.312553  9.364035  9.408952  9.484415  9.545703  9.569596  9.626864  9.702085  
      itr= 76        E= 3.000188
      itr= 77        E= 3.000182
      itr= 78        E= 3.000178
      itr= 79        E= 3.000174
      itr= 80        E= 3.000170
  more eigenvalues=  3.000170  5.003680  5.010198  5.023894  5.043773  5.047051  5.110634  7.028563  7.049504  7.053787  7.069916  7.075751  7.103192  7.138089  7.142107  7.177319  7.210662  7.287795  7.341446  7.384564  7.412776  7.476004  7.522624  7.723893  7.746960  7.980603  8.046950  8.193058  8.395080  8.837805  8.901505  9.182418  9.258641  9.269121  9.307657  9.392606  9.443709  9.503916  9.555513  9.601893  
      itr= 81        E= 3.000165
      itr= 82        E= 3.000161
      itr= 83        E= 3.000157
      itr= 84        E= 3.000143
      itr= 85        E= 3.000138
  more eigenvalues=  3.000138  5.003359  5.006673  5.020356  5.039839  5.045836  5.099065  7.027730  7.038325  7.052048  7.062754  7.072082  7.095514  7.132864  7.140232  7.155769  7.193797  7.250436  7.296695  7.354022  7.389835  7.425538  7.464736  7.701306  7.712207  7.749827  7.987042  8.117996  8.279851  8.743644  8.798666  9.163890  9.230247  9.254671  9.279352  9.314617  9.365838  9.435893  9.454660  9.492104  
      itr= 86        E= 3.000135
      itr= 87        E= 3.000133
      itr= 88        E= 3.000131
      itr= 89        E= 3.000128
      itr= 90        E= 3.000124
  more eigenvalues=  3.000124  5.003052  5.006522  5.016169  5.032019  5.040784  5.065322  7.025200  7.036519  7.047722  7.057433  7.067248  7.071567  7.097861  7.119809  7.126902  7.164566  7.183110  7.260214  7.301360  7.316334  7.350311  7.431241  7.561004  7.603183  7.675382  7.813629  7.877070  8.188303  8.461678  8.732954  9.147862  9.214086  9.236782  9.253538  9.282057  9.316204  9.373914  9.411810  9.431157  
      itr= 91        E= 3.000121
      itr= 92        E= 3.000118
      itr= 93        E= 3.000115
      itr= 94        E= 3.000111
      itr= 95        E= 3.000110
  more eigenvalues=  3.000110  5.003003  5.006412  5.015367  5.028603  5.038262  5.059011  7.024550  7.035914  7.046176  7.051179  7.062604  7.068847  7.093116  7.113253  7.124289  7.157531  7.180530  7.246232  7.286201  7.311749  7.335635  7.429743  7.522608  7.543161  7.631060  7.725871  7.772251  8.004818  8.383986  8.437505  9.138650  9.193635  9.233801  9.248790  9.260683  9.298419  9.355643  9.403881  9.420902  
      itr= 96        E= 3.000106
      itr= 97        E= 3.000104
      itr= 98        E= 3.000103
      itr= 99        E= 3.000101
      itr= 100        E= 3.000099
  more eigenvalues=  3.000099  5.002899  5.006212  5.014781  5.025336  5.035890  5.036544  7.023729  7.034012  7.043518  7.049318  7.057908  7.065644  7.089420  7.109968  7.122596  7.152678  7.178441  7.243171  7.273518  7.307465  7.311136  7.359660  7.493242  7.513927  7.590669  7.646953  7.738239  7.959260  8.243076  8.424297  9.125712  9.189793  9.226526  9.240239  9.252596  9.292860  9.340346  9.372837  9.413967  
      itr= 101        E= 3.000097
      itr= 102        E= 3.000096
      itr= 103        E= 3.000094
      itr= 104        E= 3.000093
      itr= 105        E= 3.000090
  more eigenvalues=  3.000090  5.002668  5.005570  5.011475  5.022833  5.029167  5.033033  7.021536  7.026182  7.038519  7.041643  7.049125  7.051963  7.074165  7.090024  7.109107  7.117788  7.132299  7.178949  7.200926  7.224010  7.282362  7.311818  7.368785  7.435566  7.515225  7.626853  7.707378  7.935312  8.152691  8.397762  9.089076  9.161392  9.182185  9.197539  9.232207  9.262762  9.265759  9.291319  9.352792  
      itr= 106        E= 3.000088
      itr= 107        E= 3.000086
      itr= 108        E= 3.000085
      itr= 109        E= 3.000084
      itr= 110        E= 3.000076
  more eigenvalues=  3.000076  5.002630  5.004440  5.009087  5.020626  5.026503  5.030617  7.015723  7.025170  7.033001  7.037249  7.046546  7.050367  7.068310  7.074327  7.082953  7.109360  7.114051  7.166869  7.187387  7.207650  7.247122  7.291057  7.313518  7.382092  7.453175  7.569798  7.627341  7.792172  8.092511  8.353694  9.086180  9.129504  9.150612  9.157309  9.204966  9.218467  9.243158  9.277382  9.295402  
      itr= 111        E= 3.000074
      itr= 112        E= 3.000073
      itr= 113        E= 3.000068
      itr= 114        E= 3.000067
      itr= 115        E= 3.000065
  more eigenvalues=  3.000065  5.002175  5.004040  5.007983  5.014597  5.019826  5.028416  7.014886  7.023826  7.028726  7.032600  7.042756  7.048072  7.058867  7.070490  7.081117  7.095591  7.110814  7.152867  7.169063  7.202669  7.236607  7.283205  7.310665  7.366137  7.448408  7.513262  7.574177  7.767537  7.971080  8.343282  9.081850  9.101337  9.131443  9.148197  9.178742  9.205156  9.235765  9.249281  9.274295  
      itr= 116        E= 3.000064
      itr= 117        E= 3.000061
      itr= 118        E= 3.000060
      itr= 119        E= 3.000058
      itr= 120        E= 3.000055
  more eigenvalues=  3.000055  5.001926  5.003858  5.006772  5.012492  5.019411  5.025324  7.014707  7.023162  7.026190  7.030466  7.038829  7.041944  7.056901  7.066725  7.079501  7.082984  7.102809  7.142733  7.158442  7.182025  7.219021  7.234240  7.287613  7.318060  7.328712  7.458390  7.540769  7.752004  7.907159  8.317053  9.069197  9.086653  9.127470  9.132768  9.165185  9.198806  9.225367  9.241183  9.258963  
      itr= 121        E= 3.000053
      itr= 122        E= 3.000052
      itr= 123        E= 3.000050
      itr= 124        E= 3.000048
      itr= 125        E= 3.000047
  more eigenvalues=  3.000047  5.001904  5.003444  5.006151  5.010788  5.016899  5.018614  7.013884  7.022295  7.025785  7.029248  7.036810  7.040632  7.049794  7.062173  7.074440  7.077612  7.101945  7.123601  7.146974  7.171318  7.181897  7.192527  7.259565  7.274122  7.298431  7.362589  7.485178  7.718732  7.739941  8.104392  9.064148  9.081025  9.121119  9.128690  9.151852  9.195390  9.202541  9.225052  9.238701  
      itr= 126        E= 3.000046
      itr= 127        E= 3.000044
      itr= 128        E= 3.000043
      itr= 129        E= 3.000042
      itr= 130        E= 3.000041
  more eigenvalues=  3.000041  5.001769  5.003341  5.004394  5.009208  5.015227  5.017908  7.013156  7.021458  7.022884  7.028385  7.036764  7.038939  7.049436  7.059756  7.069217  7.076107  7.099226  7.105523  7.140163  7.145484  7.170966  7.179416  7.225747  7.264834  7.284161  7.341646  7.377935  7.604772  7.647209  8.031252  9.062278  9.077644  9.114432  9.123368  9.149212  9.178089  9.194544  9.223496  9.230238  
      itr= 131        E= 3.000040
      itr= 132        E= 3.000039
      itr= 133        E= 3.000038
      itr= 134        E= 3.000037
      itr= 135        E= 3.000036
  more eigenvalues=  3.000036  5.001624  5.003157  5.004234  5.008529  5.014368  5.017353  7.012947  7.019833  7.020500  7.022691  7.035780  7.036318  7.047317  7.054902  7.067345  7.071416  7.095229  7.103169  7.130611  7.133588  7.154473  7.165492  7.189724  7.235034  7.253350  7.330186  7.360296  7.577974  7.625434  7.975810  9.059591  9.076467  9.109874  9.119089  9.145105  9.164913  9.188712  9.194405  9.215807  
      itr= 136        E= 3.000035
      itr= 137        E= 3.000034
      itr= 138        E= 3.000033
      itr= 139        E= 3.000033
      itr= 140        E= 3.000032
  more eigenvalues=  3.000032  5.001466  5.003121  5.003520  5.008202  5.013678  5.016247  7.012368  7.019073  7.019422  7.021773  7.033366  7.034800  7.042747  7.053271  7.063491  7.069408  7.094006  7.101122  7.119500  7.128981  7.151210  7.162336  7.176316  7.188269  7.236560  7.265253  7.346141  7.474073  7.579558  7.914134  9.058362  9.067968  9.105909  9.117777  9.143956  9.150677  9.180181  9.185744  9.210268  
      itr= 141        E= 3.000031
      itr= 142        E= 3.000031
      itr= 143        E= 3.000030
      itr= 144        E= 3.000030
      itr= 145        E= 3.000029
  more eigenvalues=  3.000029  5.001429  5.002584  5.003119  5.007753  5.013641  5.014961  7.010699  7.017399  7.019136  7.020923  7.031639  7.033748  7.041056  7.052484  7.061330  7.067145  7.089461  7.096366  7.102766  7.119623  7.135572  7.152477  7.167648  7.181273  7.230088  7.256997  7.335939  7.428113  7.572445  7.861173  9.057545  9.066404  9.103616  9.115554  9.133044  9.145120  9.177901  9.183395  9.193226  
      itr= 146        E= 3.000029
      itr= 147        E= 3.000028
      itr= 148        E= 3.000027
      itr= 149        E= 3.000027
      itr= 150        E= 3.000026
  more eigenvalues=  3.000026  5.001245  5.002334  5.002889  5.007293  5.012536  5.013689  7.010609  7.016823  7.017062  7.019284  7.026207  7.031055  7.039012  7.047106  7.052544  7.060344  7.085256  7.091150  7.100705  7.108637  7.129239  7.133123  7.156785  7.171963  7.214779  7.236358  7.251418  7.406858  7.533353  7.795407  9.049952  9.065225  9.079229  9.103845  9.119122  9.141005  9.146523  9.172248  9.177421  
      itr= 151        E= 3.000025
      itr= 152        E= 3.000024
      itr= 153        E= 3.000024
      itr= 154        E= 3.000023
      itr= 155        E= 3.000023
  more eigenvalues=  3.000023  5.001074  5.002109  5.002398  5.005913  5.009604  5.012292  7.009673  7.012186  7.016521  7.018105  7.023667  7.027183  7.033237  7.042242  7.050242  7.052548  7.056484  7.076653  7.089742  7.100050  7.105921  7.120037  7.135217  7.162700  7.200440  7.214064  7.230445  7.349235  7.478787  7.737647  9.042620  9.058295  9.068320  9.083286  9.098312  9.118794  9.127420  9.137196  9.154421  
      itr= 156        E= 3.000023
      itr= 157        E= 3.000022
      itr= 158        E= 3.000021
      itr= 159        E= 3.000021
      itr= 160        E= 3.000020
  more eigenvalues=  3.000020  5.001042  5.001877  5.001996  5.003556  5.008803  5.011714  7.008834  7.011186  7.016245  7.017117  7.021549  7.026374  7.032886  7.037360  7.044791  7.048947  7.053945  7.072479  7.082951  7.089547  7.095105  7.110567  7.124413  7.155676  7.178027  7.199760  7.212782  7.331737  7.410208  7.697340  9.039818  9.057800  9.066513  9.079127  9.096970  9.109064  9.120254  9.127474  9.144550  
      itr= 161        E= 3.000020
      itr= 162        E= 3.000019
      itr= 163        E= 3.000019
      itr= 164        E= 3.000019
      itr= 165        E= 3.000018
  more eigenvalues=  3.000018  5.001006  5.001699  5.001865  5.003358  5.008667  5.011506  7.008471  7.010206  7.015543  7.016646  7.020953  7.025538  7.032070  7.036984  7.042780  7.046823  7.053118  7.070959  7.076718  7.087820  7.090280  7.110469  7.121236  7.150207  7.165768  7.195076  7.204410  7.327561  7.405826  7.679567  9.038918  9.056638  9.064689  9.076716  9.094348  9.107816  9.117462  9.121717  9.138175  
      itr= 166        E= 3.000018
      itr= 167        E= 3.000018
      itr= 168        E= 3.000017
      itr= 169        E= 3.000017
      itr= 170        E= 3.000017
  more eigenvalues=  3.000017  5.000971  5.001640  5.001846  5.003221  5.008123  5.011313  7.008289  7.009888  7.015494  7.016319  7.020486  7.024964  7.031508  7.036520  7.041993  7.044691  7.052112  7.067107  7.070936  7.085527  7.087961  7.108523  7.117668  7.137037  7.161336  7.175279  7.198068  7.323081  7.399548  7.664471  9.038448  9.056333  9.063777  9.075064  9.092783  9.106735  9.115340  9.119212  9.136861  
      itr= 171        E= 3.000017
      itr= 172        E= 3.000016
      itr= 173        E= 3.000016
      itr= 174        E= 3.000016
      itr= 175        E= 3.000016
  more eigenvalues=  3.000016  5.000871  5.001556  5.001715  5.003163  5.007730  5.010864  7.008198  7.009331  7.014608  7.016175  7.019813  7.023550  7.031066  7.034638  7.038874  7.044514  7.051049  7.055165  7.069014  7.081905  7.086216  7.101097  7.106146  7.121605  7.156759  7.162783  7.190690  7.319412  7.363880  7.578949  9.037727  9.055639  9.062156  9.072038  9.084576  9.097801  9.108582  9.118238  9.130588  
      itr= 176        E= 3.000016
      itr= 177        E= 3.000015
      itr= 178        E= 3.000015
      itr= 179        E= 3.000015
      itr= 180        E= 3.000014
  more eigenvalues=  3.000014  5.000822  5.001382  5.001584  5.002975  5.004333  5.009851  7.007933  7.008638  7.013680  7.015979  7.018531  7.022535  7.030797  7.033150  7.037621  7.041420  7.049201  7.052516  7.061968  7.078235  7.083169  7.096795  7.100834  7.116217  7.135227  7.156792  7.184997  7.296596  7.326048  7.548950  9.035572  9.053398  9.056581  9.067991  9.081793  9.094510  9.102988  9.116395  9.122946  
      itr= 181        E= 3.000014
      itr= 182        E= 3.000014
      itr= 183        E= 3.000014
      itr= 184        E= 3.000014
      itr= 185        E= 3.000014
  more eigenvalues=  3.000014  5.000793  5.001330  5.001481  5.002663  5.004180  5.009449  7.007854  7.008456  7.013652  7.015305  7.017111  7.021634  7.029983  7.030753  7.036676  7.037679  7.046854  7.049152  7.059466  7.076627  7.082475  7.091221  7.094204  7.111786  7.131206  7.150190  7.158387  7.284306  7.315136  7.531066  9.034775  9.051503  9.056258  9.067110  9.078438  9.091976  9.101873  9.111243  9.121395  
      itr= 186        E= 3.000013
      itr= 187        E= 3.000013
      itr= 188        E= 3.000013
      itr= 189        E= 3.000013
      itr= 190        E= 3.000012
  more eigenvalues=  3.000012  5.000756  5.001320  5.001414  5.002526  5.004105  5.008642  7.007335  7.008328  7.013010  7.015044  7.016847  7.020402  7.026982  7.029699  7.034413  7.036070  7.044810  7.048859  7.057700  7.073390  7.077867  7.089800  7.093505  7.107675  7.127739  7.141848  7.151070  7.268309  7.298753  7.503701  9.034329  9.051044  9.052905  9.064635  9.076406  9.087735  9.099511  9.110158  9.117265  
      itr= 191        E= 3.000012
      itr= 192        E= 3.000012
      itr= 193        E= 3.000012
      itr= 194        E= 3.000012
      itr= 195        E= 3.000011
  more eigenvalues=  3.000011  5.000715  5.001240  5.001345  5.002438  5.003834  5.008082  7.007189  7.008183  7.012451  7.014710  7.016608  7.018593  7.025029  7.028303  7.030855  7.034225  7.043681  7.046727  7.055187  7.071317  7.074742  7.085956  7.092088  7.102372  7.126152  7.138525  7.146555  7.240772  7.288226  7.418939  9.033724  9.047928  9.052315  9.063810  9.068650  9.085062  9.096653  9.107575  9.115236  
      itr= 196        E= 3.000011
