npar=2
xm(1)=1.0   xm(2)=1.0   
!
nspc=1
cspc(1)=1.000000  isp(1,1)=1 isp(2,1)=1 
!
nisc=2
cisc(1)=1.000000  iso(1,1)=1 iso(2,1)=2 
!
cisc(2)=-1.000000  iso(1,2)=2 iso(2,2)=1 
!
nts_states=1
  ts_state ncmp=1
       coef= 1.0  config= p1 n2 
!  ts_state ncmp=1
!       coef= 1.0  config= p2 n1 
!  ts_state ncmp=1
!       coef= 1.0  config= p1 n1 
!  ts_state ncmp=1
!       coef= 1.0  config= p2 n2 
!  ts_state ncmp=4
!! np S=1 T=0 sz=0
!       coef=-1.0  config= p1 n2 
!       coef=-1.0  config= p2 n1 
!       coef= 1.0  config= n1 p2 
!       coef= 1.0  config= n2 p1 
!  ts_state ncmp=4
!! np S=0 tz=0
!       coef= 1.0  config= p1 n2 
!       coef=-1.0  config= p2 n1 
!       coef= 1.0  config= n1 p2 
!       coef=-1.0  config= n2 p1 
!
h2m=23.8300
!
irand=-1776  ibf=1
!
!eB=0.004  eBspin=0.0
eB=0.0839376  eBspin=0.0
!momega=0.0
!
mm0=10  kk0=10  mnb=200
bmin=0.1  bmax=10.0
!
npt=0  nop=3
vpot(1,1)=0.00000  apot(1,1)=4.0000   bpot(1,1)=0  npot(1,1)=0
vpot(1,3)=0.00000  apot(1,3)=4.0000   bpot(1,3)=0  npot(1,3)=0
      itr= 1        E= 9.592147
      itr= 2        E= 9.134564
      itr= 3        E= 9.077382
      itr= 4        E= 8.949428
      itr= 5        E= 8.816692
  more eigenvalues=  8.816692  15.176634  18.025021  20.699571  37.358470  
      itr= 6        E= 8.765185
      itr= 7        E= 8.642247
      itr= 8        E= 7.688614
      itr= 9        E= 7.645162
      itr= 10        E= 7.600905
  more eigenvalues=  7.600905  12.706277  14.724412  15.567226  16.724684  18.440028  20.334871  22.909359  30.748003  39.205621  
      itr= 11        E= 7.584845
      itr= 12        E= 7.573691
      itr= 13        E= 7.535203
      itr= 14        E= 7.502684
      itr= 15        E= 7.493060
  more eigenvalues=  7.493060  12.661283  14.685335  15.434245  16.555964  17.752661  19.406153  20.366185  23.532139  25.205993  30.950460  39.745121  54.922165  61.014094  71.479974  
      itr= 16        E= 7.482024
      itr= 17        E= 7.474504
      itr= 18        E= 7.465852
      itr= 19        E= 7.449327
      itr= 20        E= 7.428323
  more eigenvalues=  7.428323  12.561434  14.568958  15.324951  16.157117  17.654805  18.950946  19.686227  21.384841  23.852282  24.708300  27.417312  30.783159  35.107082  41.593852  41.970420  45.106753  59.134068  62.172611  88.841175  
      itr= 21        E= 7.376918
      itr= 22        E= 7.373896
      itr= 23        E= 7.363883
      itr= 24        E= 7.357982
      itr= 25        E= 7.349769
  more eigenvalues=  7.349769  12.524486  13.454494  14.613680  15.139619  15.825543  17.760752  18.575288  19.678012  20.650780  22.372180  23.219664  24.318411  25.025491  26.834949  28.211328  35.619718  36.178949  40.404561  41.603911  42.957003  45.376210  61.556180  71.833143  89.017720  
      itr= 26        E= 7.344048
      itr= 27        E= 7.339601
      itr= 28        E= 7.240052
      itr= 29        E= 7.232592
      itr= 30        E= 7.229895
  more eigenvalues=  7.229895  12.500172  12.774611  13.597459  14.931991  15.563456  15.896922  18.189907  19.255432  20.611348  21.532920  22.588471  23.130746  24.353739  25.195309  26.668808  27.573352  30.144165  35.535263  36.080615  40.482759  41.889865  43.412653  43.679899  49.257637  50.987923  52.860145  62.551554  72.090201  89.681788  
      itr= 31        E= 7.226092
      itr= 32        E= 7.219655
      itr= 33        E= 7.208699
      itr= 34        E= 7.205142
      itr= 35        E= 7.188433
  more eigenvalues=  7.188433  12.479898  12.604051  12.984223  14.265786  14.955481  15.713130  16.793036  18.692919  19.634718  20.490905  21.536457  22.155180  22.875429  23.314588  24.511469  25.274941  25.949607  27.317712  30.077009  30.856737  35.675371  36.089753  39.266726  41.844380  42.782970  44.130133  46.881010  49.499978  51.095634  
      itr= 36        E= 7.175883
      itr= 37        E= 7.163321
      itr= 38        E= 7.145606
      itr= 39        E= 7.138439
      itr= 40        E= 7.134722
  more eigenvalues=  7.134722  12.365884  12.554931  12.896275  13.675487  14.889151  15.352205  16.191045  17.430983  18.382280  19.213286  20.049385  21.256399  21.582780  22.583753  23.108159  23.427956  24.262252  25.326414  25.562864  26.623209  28.849824  30.057703  30.398774  32.913575  34.489418  37.694327  38.333088  40.167247  42.726277  
      itr= 41        E= 7.132361
      itr= 42        E= 7.110741
      itr= 43        E= 7.105707
      itr= 44        E= 7.101716
      itr= 45        E= 7.097509
  more eigenvalues=  7.097509  12.272661  12.429847  12.871643  13.557129  14.272876  15.267397  16.114111  17.266692  18.321660  18.920039  19.507227  20.030291  21.166483  22.002346  22.795506  23.353860  23.770846  24.601179  25.333813  25.434609  26.381392  26.839091  28.912500  30.130818  31.277559  32.974012  33.635184  34.549775  37.485035  
      itr= 46        E= 7.092381
      itr= 47        E= 7.087067
      itr= 48        E= 7.081771
      itr= 49        E= 7.078189
      itr= 50        E= 7.033237
  more eigenvalues=  7.033237  12.211812  12.381462  12.694492  12.846334  13.520027  14.794957  15.804327  16.744909  18.166110  18.394463  18.940355  19.449406  20.240983  20.998040  21.379976  21.963145  22.474859  22.805194  23.832303  24.199068  24.873540  25.142129  25.948365  26.689222  27.811311  28.828747  29.623805  30.111420  31.451602  
      itr= 51        E= 6.970005
      itr= 52        E= 6.967371
      itr= 53        E= 6.962367
      itr= 54        E= 6.951244
      itr= 55        E= 6.945658
  more eigenvalues=  6.945658  11.630393  12.370033  12.602004  12.824364  12.979499  14.710017  15.340793  16.689636  17.573893  18.182056  18.564601  19.079685  19.792360  20.143963  20.775181  21.100917  21.732980  22.048076  22.731891  23.038694  23.281863  24.015459  24.232010  24.848754  25.217967  26.129947  26.737942  27.658367  27.985383  
      itr= 56        E= 6.942695
      itr= 57        E= 6.941544
      itr= 58        E= 6.935086
      itr= 59        E= 6.932370
      itr= 60        E= 6.928874
  more eigenvalues=  6.928874  11.622082  12.331992  12.599030  12.816843  12.932759  14.617129  15.230025  16.622736  17.521439  18.081217  18.498309  19.056241  19.513253  19.971435  20.709781  21.073997  21.291905  21.906024  22.196250  22.987818  23.134845  23.318115  24.005227  24.360192  24.743937  25.181082  25.905170  26.821258  27.386016  
      itr= 61        E= 6.924055
      itr= 62        E= 6.916644
      itr= 63        E= 6.911620
      itr= 64        E= 6.902933
      itr= 65        E= 6.901517
  more eigenvalues=  6.901517  11.589328  12.299185  12.556934  12.793065  12.894810  14.517995  15.031597  16.366339  17.381459  17.711446  18.439693  19.031972  19.476356  19.944905  20.536103  20.714845  21.162120  21.580142  21.806108  22.607871  22.964772  23.104233  23.360380  23.975502  24.294664  24.684878  25.117971  25.464122  26.047519  
      itr= 66        E= 6.898788
      itr= 67        E= 6.888776
      itr= 68        E= 6.887498
      itr= 69        E= 6.881104
      itr= 70        E= 6.870514
  more eigenvalues=  6.870514  11.557155  12.286242  12.472328  12.745063  12.864029  14.244452  14.645879  16.198910  16.991782  17.631539  18.318199  18.935208  19.315368  19.859047  20.089700  20.239456  20.632908  21.143404  21.321256  22.127507  22.505095  22.559945  22.741310  23.232277  23.636668  23.829893  24.207378  24.689043  25.040024  
      itr= 71        E= 6.868027
      itr= 72        E= 6.866183
      itr= 73        E= 6.864847
      itr= 74        E= 6.863343
      itr= 75        E= 6.861689
  more eigenvalues=  6.861689  11.547395  12.257095  12.463556  12.731485  12.859021  14.136563  14.520027  15.996377  16.562696  17.620540  18.301955  18.909542  19.313814  19.625986  19.812932  19.940424  20.456869  21.051703  21.208247  21.864400  22.135306  22.309154  22.648823  22.919017  23.226233  23.582937  23.849487  24.124818  24.660561  
      itr= 76        E= 6.858925
      itr= 77        E= 6.857547
      itr= 78        E= 6.855834
      itr= 79        E= 6.854596
      itr= 80        E= 12.428915
  more eigenvalues=  6.851892  11.535811  12.250629  12.428915  12.717144  12.813098  14.104879  14.494821  15.897557  16.507890  17.611159  18.035199  18.686105  19.012958  19.523995  19.710383  19.902307  20.405968  20.791270  21.161158  21.557722  21.722428  22.119833  22.254427  22.549958  23.006046  23.222172  23.574141  23.701152  24.100012  
      itr= 81        E= 12.424856
      itr= 82        E= 12.405199
      itr= 83        E= 12.395657
      itr= 84        E= 12.369807
      itr= 85        E= 12.363282
  more eigenvalues=  6.845388  11.498782  12.211613  12.363282  12.520812  12.771206  14.083379  14.420040  15.367233  16.339948  17.561010  17.875088  18.235008  18.674541  19.084915  19.610841  19.855938  20.232437  20.642571  20.845124  21.311213  21.614380  21.897586  22.198535  22.529858  22.899692  22.949822  23.236963  23.507770  23.830582  
      itr= 86        E= 12.316110
      itr= 87        E= 12.311679
      itr= 88        E= 12.242837
      itr= 89        E= 12.239442
      itr= 90        E= 12.208554
  more eigenvalues=  6.843213  11.493436  12.198956  12.208554  12.507371  12.673026  13.780483  14.119824  15.023548  16.171991  17.490538  17.737136  18.055725  18.545380  18.835301  19.567243  19.786383  19.993852  20.150934  20.606842  20.717534  21.174948  21.617275  21.829938  22.043650  22.299513  22.581274  22.657477  23.064733  23.418435  
      itr= 91        E= 12.208306
      itr= 92        E= 12.205966
      itr= 93        E= 12.194582
      itr= 94        E= 12.194241
      itr= 95        E= 12.188398
  more eigenvalues=  6.840780  11.490631  12.186311  12.188398  12.496763  12.670513  13.761347  14.086440  14.998115  16.099156  17.477988  17.720111  18.031124  18.534931  18.827325  19.534246  19.772301  19.964553  20.131828  20.569515  20.685885  21.157543  21.606105  21.824528  22.014210  22.222604  22.494022  22.582301  23.016433  23.233213  
      itr= 96        E= 12.186617
      itr= 97        E= 12.185245
      itr= 98        E= 12.184819
      itr= 99        E= 12.184427
      itr= 100        E= 12.184250
  more eigenvalues=  6.838745  11.484246  12.183132  12.184250  12.492538  12.665871  13.755394  14.082246  14.987707  16.080374  17.475869  17.714989  18.029683  18.531407  18.824161  19.520206  19.764203  19.959848  20.114627  20.567380  20.679061  21.154955  21.604288  21.803587  22.002984  22.220715  22.423420  22.569062  23.002521  23.221545  
      itr= 101        E= 12.183142
      itr= 102        E= 12.182015
      itr= 103        E= 12.180254
      itr= 104        E= 12.179456
      itr= 105        E= 12.179272
  more eigenvalues=  6.838231  11.478783  12.177150  12.179272  12.489322  12.659219  13.729945  14.066894  14.974185  16.041993  17.468461  17.705559  18.019777  18.516899  18.821560  19.459238  19.749435  19.931800  20.111451  20.551328  20.637405  21.140143  21.555109  21.732255  21.976807  22.192590  22.377708  22.552239  22.977079  23.190654  
      itr= 106        E= 12.177311
      itr= 107        E= 12.169911
      itr= 108        E= 12.161277
      itr= 109        E= 12.149846
      itr= 110        E= 12.146048
  more eigenvalues=  6.833327  11.446030  12.132828  12.146048  12.474735  12.626294  13.698296  14.005342  14.915119  16.006643  17.389894  17.584233  17.978412  18.463442  18.750447  19.015173  19.626134  19.749443  20.017175  20.125334  20.499963  20.979869  21.166272  21.398310  21.595763  21.828734  22.203299  22.360702  22.726987  22.845334  
      itr= 111        E= 12.138749
      itr= 112        E= 12.133615
      itr= 113        E= 12.125401
      itr= 114        E= 12.117835
      itr= 115        E= 12.115937
  more eigenvalues=  6.827096  11.442294  12.107791  12.115937  12.452859  12.595806  13.580308  13.981369  14.761746  15.844231  17.356959  17.539051  17.963899  18.396119  18.560216  18.850907  19.570326  19.704415  19.875905  19.947130  20.137297  20.917559  20.997040  21.271390  21.461130  21.684436  22.025950  22.105742  22.330427  22.685608  
      itr= 116        E= 12.113186
      itr= 117        E= 12.107792
      itr= 118        E= 12.104853
      itr= 119        E= 12.099856
      itr= 120        E= 12.098908
  more eigenvalues=  6.826395  11.439143  12.096974  12.098908  12.446762  12.591984  13.545248  13.944896  14.686082  15.704916  17.334028  17.538070  17.951474  18.303839  18.553273  18.814604  19.467743  19.693917  19.848915  19.926757  20.038690  20.840102  20.944583  21.118541  21.280199  21.604889  21.949711  21.995721  22.061301  22.446957  
      itr= 121        E= 12.097585
      itr= 122        E= 12.095261
      itr= 123        E= 12.094002
      itr= 124        E= 12.092263
      itr= 125        E= 12.089410
  more eigenvalues=  6.816973  11.435339  12.035511  12.089410  12.372923  12.546558  13.470441  13.922043  14.651347  15.479493  17.328966  17.420016  17.890985  18.291504  18.383621  18.714459  19.037358  19.680862  19.737523  19.855003  19.961846  20.578422  20.922555  21.070592  21.247190  21.520297  21.944195  21.957994  22.052800  22.289176  
      itr= 126        E= 12.084328
      itr= 127        E= 12.039059
      itr= 128        E= 12.034458
      itr= 129        E= 12.017956
      itr= 130        E= 11.995486
  more eigenvalues=  6.812682  11.431419  11.979896  11.995486  12.351876  12.492194  13.198974  13.873188  14.439797  15.302951  17.205031  17.340852  17.757193  18.160629  18.307026  18.554655  18.957205  19.111877  19.547813  19.704500  19.829852  20.044275  20.265363  20.660976  20.971615  21.169582  21.303080  21.621909  21.735373  22.021120  
      itr= 131        E= 11.988630
      itr= 132        E= 11.978528
      itr= 133        E= 11.974287
      itr= 134        E= 11.973690
      itr= 135        E= 11.972778
  more eigenvalues=  6.809100  11.429148  11.951713  11.972778  12.281670  12.481589  13.158760  13.822258  14.257048  15.163142  17.199596  17.292010  17.733081  18.070791  18.258031  18.468839  18.758883  18.901079  19.078679  19.377201  19.587394  19.810469  20.161122  20.470432  20.582278  20.881141  21.067014  21.214292  21.556856  21.680747  
      itr= 136        E= 11.968587
      itr= 137        E= 11.964539
      itr= 138        E= 11.956383
      itr= 139        E= 11.952108
      itr= 140        E= 11.947791
  more eigenvalues=  6.784841  11.397887  11.936367  11.947791  12.230663  12.469660  13.009826  13.742946  13.928220  14.963671  17.179019  17.266363  17.645972  18.000751  18.174034  18.433804  18.688865  18.815083  19.038979  19.333469  19.466406  19.534853  19.795852  20.138405  20.447408  20.743244  20.884979  21.059091  21.203394  21.586316  
      itr= 141        E= 11.941855
      itr= 142        E= 11.933188
      itr= 143        E= 11.927871
      itr= 144        E= 11.925853
      itr= 145        E= 11.924529
  more eigenvalues=  6.781563  11.395474  11.923134  11.924529  12.224263  12.450117  13.000696  13.718124  13.911393  14.652455  17.163916  17.263610  17.600404  17.969373  18.051212  18.420280  18.683719  18.714538  18.832798  19.286929  19.454889  19.506140  19.732778  20.097673  20.282029  20.582475  20.744104  20.883121  21.029652  21.452059  
      itr= 146        E= 11.923462
      itr= 147        E= 11.923142
      itr= 148        E= 11.922504
      itr= 149        E= 11.920852
      itr= 150        E= 11.919583
  more eigenvalues=  6.778683  11.393845  11.912200  11.919583  12.223126  12.444246  12.995450  13.712495  13.892053  14.631535  17.154390  17.252860  17.587630  17.960346  18.045514  18.414579  18.680268  18.693819  18.827346  19.285425  19.449013  19.502839  19.727172  20.091175  20.269697  20.563131  20.742296  20.870608  21.017942  21.419929  
      itr= 151        E= 11.917308
      itr= 152        E= 11.914661
      itr= 153        E= 11.912503
      itr= 154        E= 11.911604
      itr= 155        E= 11.910674
  more eigenvalues=  6.777526  11.389327  11.908564  11.910674  12.218295  12.433176  12.991476  13.705603  13.870672  14.615127  17.144596  17.250069  17.571012  17.939572  18.033366  18.400590  18.656540  18.675210  18.807614  19.281769  19.429114  19.477531  19.699943  20.077762  20.242695  20.504939  20.716061  20.846589  20.958562  21.307168  
      itr= 156        E= 11.909029
      itr= 157        E= 11.907373
      itr= 158        E= 11.905350
      itr= 159        E= 11.901410
      itr= 160        E= 11.897533
  more eigenvalues=  6.775278  11.389204  11.892119  11.897533  12.217662  12.426389  12.973068  13.678431  13.862510  14.589710  17.138775  17.239337  17.556387  17.923363  18.030769  18.380817  18.647118  18.674313  18.789069  19.266482  19.416437  19.432259  19.653834  20.053647  20.235303  20.447587  20.690942  20.776409  20.950172  21.220229  
      itr= 161        E= 11.894272
      itr= 162        E= 11.892731
      itr= 163        E= 11.891209
      itr= 164        E= 11.890122
      itr= 165        E= 11.887996
  more eigenvalues=  6.772677  11.386271  11.884685  11.887996  12.201171  12.415647  12.954113  13.666310  13.840910  14.577982  17.129485  17.230682  17.549202  17.907958  18.003538  18.351455  18.622288  18.662007  18.780865  19.214828  19.372378  19.413189  19.622650  20.045312  20.227317  20.432913  20.677855  20.736169  20.939354  21.151700  
      itr= 166        E= 11.884925
      itr= 167        E= 11.883655
      itr= 168        E= 11.882718
      itr= 169        E= 11.880757
      itr= 170        E= 11.869644
  more eigenvalues=  6.767336  11.383517  11.835747  11.869644  12.174937  12.386845  12.886345  13.602480  13.815057  14.530550  17.091890  17.208573  17.438269  17.698195  17.896752  18.300976  18.521260  18.641552  18.774245  19.163376  19.340363  19.373300  19.448162  19.980019  20.197207  20.340294  20.579824  20.643796  20.881802  21.052167  
      itr= 171        E= 11.864142
      itr= 172        E= 11.854629
      itr= 173        E= 11.852823
      itr= 174        E= 11.850945
      itr= 175        E= 11.847913
  more eigenvalues=  6.762244  11.382863  11.829474  11.847913  12.169916  12.295667  12.884042  13.586845  13.794319  14.508207  17.086824  17.181324  17.424953  17.677611  17.885556  18.288266  18.513558  18.612326  18.713395  19.154171  19.264683  19.344111  19.431535  19.967970  20.130035  20.213652  20.512840  20.589215  20.831774  20.903093  
      itr= 176        E= 11.842203
      itr= 177        E= 11.837115
      itr= 178        E= 11.836430
      itr= 179        E= 11.834795
      itr= 180        E= 11.827684
  more eigenvalues=  6.761139  11.378317  11.822933  11.827684  12.115905  12.288724  12.865368  13.524218  13.769067  14.397676  17.074912  17.172526  17.418401  17.666513  17.859437  18.110742  18.348203  18.599251  18.654265  19.003705  19.135157  19.293406  19.303062  19.826086  19.990078  20.106615  20.285510  20.510981  20.725095  20.850150  
      itr= 181        E= 11.825857
      itr= 182        E= 11.823370
      itr= 183        E= 11.821635
      itr= 184        E= 11.817924
      itr= 185        E= 11.816644
  more eigenvalues=  6.758776  11.369150  11.815832  11.816644  12.105094  12.274945  12.836306  13.481829  13.724696  14.328407  17.068333  17.157950  17.417234  17.659320  17.857041  18.094683  18.342294  18.575585  18.645073  18.978979  19.103776  19.195541  19.282058  19.806673  19.978560  20.086232  20.203045  20.459641  20.624873  20.814914  
      itr= 186        E= 11.816025
      itr= 187        E= 11.815791
      itr= 188        E= 11.815152
      itr= 189        E= 11.814832
      itr= 190        E= 11.814267
  more eigenvalues=  6.756895  11.366646  11.777382  11.814267  12.100696  12.242012  12.828996  13.463962  13.697555  14.313227  17.018727  17.127612  17.408960  17.655052  17.784660  18.066391  18.288832  18.533307  18.637703  18.926774  19.093480  19.128270  19.228522  19.608852  19.787924  19.999587  20.159314  20.334422  20.544050  20.682627  
      itr= 191        E= 11.812584
      itr= 192        E= 11.807766
      itr= 193        E= 11.805078
      itr= 194        E= 11.802179
      itr= 195        E= 11.799582
  more eigenvalues=  6.748371  11.364751  11.752158  11.799582  12.081397  12.202614  12.799949  13.435745  13.686707  14.153928  16.972367  17.117850  17.404096  17.596267  17.737274  17.991854  18.264997  18.343089  18.565943  18.696087  18.945051  19.101287  19.185685  19.448890  19.618213  19.761956  19.962014  20.248051  20.393039  20.555580  
      itr= 196        E= 11.794197
      itr= 197        E= 11.791362
      itr= 198        E= 11.769898
      itr= 199        E= 11.751386
time=  356.096435
