npar=2
xm(1)=1.0   xm(2)=1.0   
!
nspc=1
cspc(1)=1.000000  isp(1,1)=1 isp(2,1)=1 
!
nisc=2
cisc(1)=1.000000  iso(1,1)=1 iso(2,1)=2 
!
cisc(2)=-1.000000  iso(1,2)=2 iso(2,2)=1 
!
nts_states=1
  ts_state ncmp=4
! np S=0 m=0
       coef= 1.0  config= p1 n2 
       coef=-1.0  config= p2 n1 
       coef= 1.0  config= n1 p2 
       coef=-1.0  config= n2 p1 
!
h2m=23.8300
!
irand=-1776  ibf=1
!
!eB=0.83937660  eBspin=0.0
eB=0.0  eBspin=0.0
!
mm0=22  kk0=25  mnb=200
bmin=0.30000  bmax=8.00000
!
npt=1  nop=3
vpot(1,1)=-396.56800000  apot(1,1)=4.0000   bpot(1,1)=0  npot(1,1)=0
vpot(1,3)=-8.06100000  apot(1,3)=4.0000   bpot(1,3)=0  npot(1,3)=0
      itr= 1        E= 1.108742
      itr= 2        E= -0.135579
      itr= 3        E= -5.188456
      itr= 4        E= -5.941235
      itr= 5        E= -8.130709
  more eigenvalues=  -8.130709  2.202678  52.559403  141.802644  369.406220  
      itr= 6        E= -8.488365
      itr= 7        E= -9.927155
      itr= 8        E= -10.297894
      itr= 9        E= -10.624773
      itr= 10        E= -12.436269
  more eigenvalues=  -12.436269  -5.057136  1.813545  8.221199  38.222892  81.630953  109.079607  167.089938  234.807683  540.115749  
      itr= 11        E= -12.760897
      itr= 12        E= -13.323286
      itr= 13        E= -13.404484
      itr= 14        E= -13.510893
      itr= 15        E= -14.121583
  more eigenvalues=  -14.121583  -8.493125  -2.422457  2.650920  12.430672  29.199120  39.698181  75.681592  107.563347  158.648291  180.684968  225.454840  275.874375  400.406883  653.624636  
      itr= 16        E= -14.621740
      itr= 17        E= -14.740734
      itr= 18        E= -14.976196
      itr= 19        E= -15.060369
      itr= 20        E= -15.176956
  more eigenvalues=  -15.176956  -9.901868  -6.559125  1.080942  4.266890  5.133936  11.847162  30.329036  38.262685  45.169057  68.138213  101.681450  122.340731  128.817012  166.096601  192.892722  281.320146  414.204188  548.797340  678.696091  
      itr= 21        E= -15.323431
      itr= 22        E= -15.355911
      itr= 23        E= -15.428253
      itr= 24        E= -15.442279
      itr= 25        E= -15.489306
  more eigenvalues=  -15.489306  -13.037802  -8.475956  -3.576861  -0.891362  2.430723  7.231978  10.282917  20.282869  31.635675  38.852642  42.905857  66.377499  76.061145  106.224411  109.632799  131.390362  171.084293  192.963350  214.175186  286.161638  420.455038  549.182707  615.631767  779.298104  
      itr= 26        E= -15.516085
      itr= 27        E= -15.524496
      itr= 28        E= -15.535438
      itr= 29        E= -15.542807
      itr= 30        E= -15.548552
  more eigenvalues=  -15.548552  -13.177752  -9.440194  -4.014643  -3.220052  2.125839  7.160419  9.149226  15.082175  25.568729  36.256460  40.799010  64.288038  74.037169  97.961641  101.372134  124.323634  129.624447  155.902943  171.018533  209.845676  220.849139  281.529738  299.008099  353.674591  438.856368  494.164229  561.751855  721.570278  793.699922  
      itr= 31        E= -15.579048
      itr= 32        E= -15.582647
      itr= 33        E= -15.589093
      itr= 34        E= -15.624471
      itr= 35        E= -15.628818
  more eigenvalues=  -15.628818  -13.777426  -10.562200  -4.394277  -3.343228  1.717997  4.029138  7.316745  8.939494  10.435526  17.275945  28.531415  35.897001  42.093372  62.596078  76.223347  94.858877  102.381184  124.110127  126.442476  147.342353  162.694009  190.816806  211.367907  221.082633  281.143046  299.053915  353.770925  371.607585  429.430248  
      itr= 36        E= -15.644565
      itr= 37        E= -15.647578
      itr= 38        E= -15.651070
      itr= 39        E= -15.662155
      itr= 40        E= -15.669866
  more eigenvalues=  -15.669866  -13.921931  -10.790331  -4.750187  -3.904060  1.261565  2.084521  6.515058  7.854170  10.384125  17.012517  23.840077  26.432597  36.885204  39.201897  46.451229  62.473938  77.123942  100.903603  103.434657  122.599447  124.535225  150.001015  174.383353  195.986111  205.583711  219.915026  240.118868  264.341514  298.183343  
      itr= 41        E= -15.673449
      itr= 42        E= -15.677866
      itr= 43        E= -15.681332
      itr= 44        E= -15.683538
      itr= 45        E= -15.688138
  more eigenvalues=  -15.688138  -14.199932  -11.328543  -5.481571  -4.637416  0.180882  1.780141  5.079312  6.673205  7.800693  10.860295  19.999408  23.809927  26.206521  26.517788  37.444919  39.436686  50.353611  62.755516  76.213963  102.111815  105.475551  123.278963  125.766504  156.810869  171.622457  182.762508  205.083781  215.965957  235.934600  
      itr= 46        E= -15.689616
      itr= 47        E= -15.695858
      itr= 48        E= -15.698925
      itr= 49        E= -15.703411
      itr= 50        E= -15.705435
  more eigenvalues=  -15.705435  -14.273397  -11.643648  -6.729806  -4.917748  -0.396247  1.743799  4.943627  6.415714  7.423497  10.129181  15.926832  19.664119  24.109758  25.256852  27.264216  36.856890  43.866892  50.374124  60.384651  77.494443  95.581287  106.025349  115.131142  119.003652  144.838480  153.385421  179.879570  183.461216  190.588863  
      itr= 51        E= -15.706860
      itr= 52        E= -15.708950
      itr= 53        E= -15.712964
      itr= 54        E= -15.714267
      itr= 55        E= -15.720207
  more eigenvalues=  -15.720207  -14.483943  -11.661675  -7.124696  -5.457943  -2.355361  1.705851  4.596563  5.823424  6.735721  7.610060  13.780920  15.111944  19.369738  20.827764  24.027618  26.066789  32.594511  36.136357  42.794887  49.634424  58.027354  80.925584  94.751620  105.359543  108.588734  118.519530  135.082106  144.029010  172.298307  
      itr= 56        E= -15.726956
      itr= 57        E= -15.730435
      itr= 58        E= -15.737716
      itr= 59        E= -15.739156
      itr= 60        E= -15.739923
  more eigenvalues=  -15.739923  -15.020577  -12.249700  -9.094664  -7.001952  -5.163513  1.292062  2.440702  4.968494  6.432594  6.640424  9.479246  14.613789  16.382627  17.121053  20.095517  22.645961  24.719906  29.430339  34.551408  42.576524  44.429600  47.766002  66.537284  74.061014  74.259766  82.857289  109.517352  115.425672  126.465703  
      itr= 61        E= -15.767259
      itr= 62        E= -15.769366
      itr= 63        E= -15.771866
      itr= 64        E= -15.774750
      itr= 65        E= -15.776089
  more eigenvalues=  -15.776089  -15.053072  -12.483008  -10.350991  -7.155662  -5.606261  0.158966  1.671784  3.665329  5.074437  6.272410  6.589536  10.042895  12.740892  14.791104  17.110360  18.691490  20.094833  20.721100  23.327400  28.164878  36.502862  41.686669  42.907270  47.285261  56.967847  67.953098  72.588662  76.042093  85.331869  
      itr= 66        E= -15.777075
      itr= 67        E= -15.778359
      itr= 68        E= -15.779469
      itr= 69        E= -15.780209
      itr= 70        E= -15.783532
  more eigenvalues=  -15.783532  -15.083493  -12.723855  -10.777582  -7.235679  -6.507515  -1.712707  1.642570  2.587457  4.530658  4.859820  6.363664  6.887828  9.523136  11.343836  14.630484  16.481669  17.646674  18.057262  21.140981  27.075933  31.672476  32.708789  35.453000  43.023562  45.533234  48.765175  50.451367  57.982462  66.157714  
      itr= 71        E= -15.784670
      itr= 72        E= -15.785281
      itr= 73        E= -15.786176
      itr= 74        E= -15.787221
      itr= 75        E= -15.788945
  more eigenvalues=  -15.788945  -15.148845  -12.802157  -11.116212  -7.309465  -6.793770  -2.263779  1.593149  2.222474  4.193215  4.448554  6.313687  6.789518  9.451598  10.906861  14.475571  15.750329  16.737877  17.633319  20.861652  25.105603  29.971430  31.396174  32.724880  40.940982  42.170017  45.698182  48.376731  49.825471  55.603134  
      itr= 76        E= -15.789640
      itr= 77        E= -15.791588
      itr= 78        E= -15.793221
      itr= 79        E= -15.794034
      itr= 80        E= -12.045208
  more eigenvalues=  -15.794754  -15.221910  -13.195885  -12.045208  -8.428028  -7.316665  -3.562777  1.022640  1.726671  3.096599  3.328679  5.805481  6.543659  6.883089  8.908851  9.412533  14.296947  16.376873  17.086559  17.626236  19.901996  23.218580  28.006695  30.118128  32.027866  36.208774  41.598573  42.774914  45.415562  46.354715  
      itr= 81        E= -12.515554
      itr= 82        E= -12.694748
      itr= 83        E= -12.820327
      itr= 84        E= -12.931111
      itr= 85        E= -12.992796
  more eigenvalues=  -15.796120  -15.272842  -13.277975  -12.992796  -8.939619  -8.100072  -5.656473  -0.950556  1.628663  1.793752  2.856469  5.663209  6.292901  6.486730  7.143358  8.775575  9.965357  12.685986  14.090137  16.918611  17.229631  18.988064  21.095485  22.969011  27.911805  29.576696  31.802285  34.644256  39.266561  43.018946  
      itr= 86        E= -13.026267
      itr= 87        E= -13.057100
      itr= 88        E= -13.275628
      itr= 89        E= -13.360258
      itr= 90        E= -13.417701
  more eigenvalues=  -15.797511  -15.314668  -13.442706  -13.417701  -9.588617  -8.457780  -5.879125  -1.855988  0.168433  1.596475  1.889136  5.529487  5.597597  6.475753  7.083997  8.421642  9.465024  12.213676  13.641734  16.065424  16.879988  18.714086  19.772102  21.800450  24.506140  28.725620  29.218801  33.108598  38.582427  42.724634  
      itr= 91        E= -13.417836
      itr= 92        E= -13.424664
      itr= 93        E= -13.445156
      itr= 94        E= -13.463434
      itr= 95        E= -13.467485
  more eigenvalues=  -15.797836  -15.329675  -13.478912  -13.467485  -9.613494  -8.590941  -6.212661  -1.949124  -0.064081  1.457624  1.594832  2.322204  5.283868  6.352197  6.713352  7.753779  8.172181  9.012653  11.954618  13.232515  15.709856  16.487438  18.037058  19.076752  21.790613  23.206601  24.264406  28.646090  29.897835  32.760936  
      itr= 96        E= -13.478912
      itr= 97        E= -13.491066
      itr= 98        E= -13.497623
      itr= 99        E= -13.503686
      itr= 100        E= -13.505202
  more eigenvalues=  -15.798205  -15.332167  -13.506917  -13.505202  -9.681641  -8.849776  -6.308974  -2.069761  -0.109573  0.761197  1.583617  2.058815  2.723360  5.472542  6.353595  6.979184  7.728469  7.985179  9.342389  11.848517  13.106670  14.346086  15.750984  16.834997  18.774035  21.103056  22.119666  24.069391  26.187669  28.827061  
      itr= 101        E= -13.506917
      itr= 102        E= -13.515459
      itr= 103        E= -13.517809
      itr= 104        E= -13.521117
      itr= 105        E= -13.529407
  more eigenvalues=  -15.798479  -15.334375  -13.565115  -13.529407  -9.824843  -9.112073  -7.027493  -3.396914  -1.102562  -0.404892  1.546597  1.903212  2.550096  5.342373  6.241018  6.597424  7.245158  7.616965  8.887996  9.950787  12.212756  13.144119  14.584669  15.710024  16.596610  19.786995  20.823645  21.386280  23.970475  27.180392  
      itr= 106        E= -13.555506
      itr= 107        E= -13.571539
      itr= 108        E= -13.585435
      itr= 109        E= -13.591947
      itr= 110        E= -13.606775
  more eigenvalues=  -15.798667  -15.339059  -13.609877  -13.606775  -9.884697  -9.249489  -7.118136  -3.616513  -1.892188  -1.093983  1.532720  1.717623  2.504479  5.288422  6.217074  6.492201  7.150123  7.386715  8.649460  9.362047  11.637984  12.560393  13.300049  15.534979  15.835345  16.965546  19.157777  19.792792  20.787372  23.878576  
      itr= 111        E= -13.609877
      itr= 112        E= -13.616373
      itr= 113        E= -13.644805
      itr= 114        E= -13.688151
      itr= 115        E= -13.715212
  more eigenvalues=  -15.801748  -15.353856  -13.758608  -13.715212  -10.135852  -9.324727  -7.369839  -4.047535  -2.084470  -1.700814  1.520873  1.599837  2.457829  5.153209  5.987631  6.061282  6.778372  7.335833  8.616246  9.105478  11.178840  12.348596  12.905849  15.274430  15.583292  16.588316  18.422994  19.367467  20.654780  21.109048  
      itr= 116        E= -13.737608
      itr= 117        E= -13.751861
      itr= 118        E= -13.761146
      itr= 119        E= -13.774686
      itr= 120        E= -13.776773
  more eigenvalues=  -15.802132  -15.360602  -13.783815  -13.776773  -10.370789  -9.478954  -7.517389  -4.219723  -2.841043  -1.916202  0.914054  1.523358  2.163852  3.519036  5.259555  5.996701  6.155988  6.768560  7.663272  8.475574  9.004450  11.493379  12.476596  13.515346  15.271995  15.749818  16.666556  18.960402  19.330496  20.695950  
      itr= 121        E= -13.783792
      itr= 122        E= -13.786650
      itr= 123        E= -13.788591
      itr= 124        E= -13.834969
      itr= 125        E= -13.840261
  more eigenvalues=  -15.802572  -15.368326  -13.845242  -13.840261  -10.517147  -9.776887  -7.781451  -4.822912  -2.882952  -1.981117  0.473773  1.506994  2.130258  3.375800  5.019724  5.494809  6.046136  6.737476  7.488661  8.246325  8.978457  9.727840  11.410432  12.847522  13.099026  14.530190  15.535169  16.608833  18.943126  19.248061  
      itr= 126        E= -13.845211
      itr= 127        E= -13.873008
      itr= 128        E= -13.899997
      itr= 129        E= -13.904130
      itr= 130        E= -13.921220
  more eigenvalues=  -15.802705  -15.374162  -13.933029  -13.921220  -10.548508  -9.869969  -7.939802  -5.599630  -3.207910  -2.188502  0.254441  1.443062  2.106467  3.285514  4.909244  5.234704  5.982295  6.685694  7.231183  8.133584  8.836388  9.588600  11.111489  12.651554  13.011731  14.116308  15.412267  16.465969  18.679803  19.115755  
      itr= 131        E= -13.928748
      itr= 132        E= -13.936256
      itr= 133        E= -13.936485
      itr= 134        E= -13.947018
      itr= 135        E= -13.949981
  more eigenvalues=  -15.802989  -15.376452  -13.954003  -13.949981  -10.572007  -9.913553  -7.976466  -5.916425  -3.322517  -2.431459  0.201818  1.386740  2.035323  2.943216  4.712873  5.067221  5.834413  6.444958  6.991588  7.625811  8.363610  9.373446  9.563295  10.844186  12.967575  13.278497  15.050482  16.333133  17.687659  18.657768  
      itr= 136        E= -13.954003
      itr= 137        E= -13.964731
      itr= 138        E= -13.991518
      itr= 139        E= -14.009876
      itr= 140        E= -14.015640
  more eigenvalues=  -15.804878  -15.384872  -14.165737  -14.015640  -10.706829  -10.046918  -8.417833  -6.736697  -3.620051  -2.856683  0.021783  1.209656  1.967474  2.833015  4.012032  4.608092  5.802283  6.012079  6.548616  7.402173  8.298164  8.588416  9.456331  10.798120  12.384117  12.974696  13.182361  15.007749  16.312143  17.828173  
      itr= 141        E= -14.035187
      itr= 142        E= -14.048791
      itr= 143        E= -14.150828
      itr= 144        E= -14.158457
      itr= 145        E= -14.179663
  more eigenvalues=  -15.805501  -15.389183  -14.261099  -14.179663  -11.351162  -10.160580  -8.651965  -7.600942  -4.434661  -3.174889  -0.691801  0.839392  1.927002  2.667624  2.950542  4.476723  5.778799  5.879321  6.425378  7.135257  8.134269  8.338142  9.379670  10.656462  12.079865  12.936981  13.116102  14.986326  16.235717  17.484866  
      itr= 146        E= -14.190516
      itr= 147        E= -14.261728
      itr= 148        E= -14.302242
      itr= 149        E= -14.360604
      itr= 150        E= -14.385050
  more eigenvalues=  -15.808663  -15.416246  -14.421001  -14.385050  -11.432022  -10.782407  -8.894911  -8.172130  -5.362357  -3.744341  -2.012747  0.314289  1.529398  1.926477  2.727602  4.080635  5.598877  5.750325  6.364192  6.887374  8.106210  8.259487  8.825755  9.546189  11.042719  12.147630  12.924134  14.204751  15.078127  16.166213  
      itr= 151        E= -14.411155
      itr= 152        E= -14.415919
      itr= 153        E= -14.418168
time=  1217.339961
