
npar=2
xm(1)=1.0   xm(2)=1.0   
!
nspc=1
cspc(1)=1.000000  isp(1,1)=1 isp(2,1)=1 
!
nisc=2
cisc(1)=1.000000  iso(1,1)=1 iso(2,1)=2 
!
cisc(2)=-1.000000  iso(1,2)=2 iso(2,2)=1 
!
nts_states=1
  ts_state ncmp=2
       coef= 1.0  config= p1 n1 
       coef=-1.0  config= n1 p1 
!
h2m=23.8300
!
irand=-1776  ibf=1
!
!eB=0.83937660  eBspin=0.00000000
eB=0.00000  eBspin=0.00000000
!
mm0=12  kk0=25  mnb=70
bmin=0.30000  bmax=8.00000
!
npt=1  nop=3
vpot(1,1)=-396.56800000  apot(1,1)=4.0000   bpot(1,1)=0  npot(1,1)=0
vpot(1,3)=-8.06100000  apot(1,3)=4.0000   bpot(1,3)=0  npot(1,3)=0
      itr= 1        E= 0.694300
      itr= 2        E= -5.523792
      itr= 3        E= -10.579107
      itr= 4        E= -12.327128
      itr= 5        E= -13.799375
  more eigenvalues=  8.213669  56.564385  224.648086  402.293484  
      itr= 6        E= -14.672342
      itr= 7        E= -15.786064
      itr= 8        E= -17.770709
      itr= 9        E= -17.883366
      itr= 10        E= -18.206032
  more eigenvalues=  -4.363068  10.851322  16.124208  72.483766  87.262163  106.314710  167.136068  324.333861  652.693441  
      itr= 11        E= -18.297319
      itr= 12        E= -18.470813
      itr= 13        E= -18.509301
      itr= 14        E= -18.542592
      itr= 15        E= -18.561159
  more eigenvalues=  -10.651675  -1.677759  3.541107  11.144814  18.617981  23.384891  31.664893  38.444020  82.231927  101.765087  118.296065  169.244055  327.387733  670.581780  
      itr= 16        E= -18.584206
      itr= 17        E= -18.602853
      itr= 18        E= -18.622779
      itr= 19        E= -18.758826
      itr= 20        E= -18.881410
  more eigenvalues=  -14.034398  -12.176642  1.609289  6.517381  12.047291  17.343602  29.029888  33.340065  45.423775  60.238419  80.030687  100.313964  102.989417  151.175934  190.477704  312.367527  361.637038  453.381114  711.229977  
      itr= 21        E= -18.889621
      itr= 22        E= -18.937018
