
npar=2
xm(1)=1.0   xm(2)=1.0   
!
nspc=1
cspc(1)=1.000000  isp(1,1)=1 isp(2,1)=1 
!
nisc=2
cisc(1)=1.000000  iso(1,1)=1 iso(2,1)=2 
!
cisc(2)=-1.000000  iso(1,2)=2 iso(2,2)=1 
!
nts_states=1
  ts_state ncmp=2
       coef= 1.0  config= p1 n1 
       coef=-1.0  config= n1 p1 
!
h2m=23.8300
!
irand=-1776  ibf=1
!
!eB=0.83937660  eBspin=0.00000000
eB=0.00000  eBspin=1.00000000
!
mm0=12  kk0=25  mnb=70
bmin=0.30000  bmax=8.00000
!
npt=1  nop=3
vpot(1,1)=-396.56800000  apot(1,1)=4.0000   bpot(1,1)=0  npot(1,1)=0
vpot(1,3)=-8.06100000  apot(1,3)=4.0000   bpot(1,3)=0  npot(1,3)=0
      itr= 1        E= -11.220700
      itr= 2        E= -17.438792
      itr= 3        E= -22.494107
      itr= 4        E= -24.242128
      itr= 5        E= -25.714375
  more eigenvalues=  -3.701331  44.649385  212.733086  390.378484  
      itr= 6        E= -26.587342
      itr= 7        E= -27.701064
      itr= 8        E= -29.685709
      itr= 9        E= -29.798366
      itr= 10        E= -30.121032
  more eigenvalues=  -16.278068  -1.063678  4.209208  60.568766  75.347163  94.399710  155.221068  312.418861  640.778441  
      itr= 11        E= -30.212319
      itr= 12        E= -30.385813
      itr= 13        E= -30.424301
      itr= 14        E= -30.457592
      itr= 15        E= -30.476159
  more eigenvalues=  -22.566675  -13.592759  -8.373893  -0.770186  6.702981  11.469891  19.749893  26.529020  70.316927  89.850087  106.381065  157.329055  315.472733  658.666780  
      itr= 16        E= -30.499206
      itr= 17        E= -30.517853
      itr= 18        E= -30.537779
      itr= 19        E= -30.673826
      itr= 20        E= -30.796410
  more eigenvalues=  -25.949398  -24.091642  -10.305711  -5.397619  0.132291  5.428602  17.114888  21.425065  33.508775  48.323419  68.115687  88.398964  91.074417  139.260934  178.562704  300.452527  349.722038  441.466114  699.314977  
      itr= 21        E= -30.804621
      itr= 22        E= -30.852018
      itr= 23        E= -30.858732
      itr= 24        E= -30.907812
      itr= 25        E= -30.915112
  more eigenvalues=  -27.737481  -26.162100  -14.550431  -6.398927  -5.703904  -4.837934  1.701741  4.937100  9.510827  17.324161  19.750098  27.673500  51.674671  52.303017  79.289419  107.543778  114.998385  150.350798  186.908136  212.469760  302.365784  353.991072  451.412894  721.298822  
      itr= 26        E= -30.932443
      itr= 27        E= -30.940365
      itr= 28        E= -31.052130
      itr= 29        E= -31.074797
      itr= 30        E= -31.080372
  more eigenvalues=  -28.199759  -27.111195  -17.010679  -10.745403  -7.331509  -5.371839  1.220694  3.026810  7.445982  14.230736  18.258628  20.620381  27.433023  35.870307  43.974759  52.725186  57.986987  81.268672  90.738346  111.627250  130.689840  157.577922  194.608403  216.702597  318.267406  358.998885  405.158451  656.553251  740.675241  
      itr= 31        E= -31.086449
