
npar=3
xm(1)=1.0   xm(2)=1.0   xm(3)=1.0   
!
nts_states=2
  ts_state ncmp=2
       coef= 0.16666  config= n1 p2 n1 
       coef= 0.16666  config= n2 p1 n1
  ts_state ncmp=2
       coef= 0.5  config= n1 p2 n1 
       coef=-0.5  config= n2 p1 n1
!
h2m=23.8300
!
irand=-1776  ibf=1
!
!eB=0.83937660  eBspin=0.00000000
eB=0.00000  eBspin=0.00000000
!
mm0=12  kk0=25  mnb=70
bmin=0.30000  bmax=8.00000
!
npt=1  nop=3
vpot(1,1)=-396.56800000  apot(1,1)=4.0000   bpot(1,1)=0  npot(1,1)=0
vpot(1,3)=-8.06100000  apot(1,3)=4.0000   bpot(1,3)=0  npot(1,3)=0
vpot3b=353.8714          apot3b=4.0000      itr= 1        E= 2.848761
      itr= 2        E= -12.158551
      itr= 3        E= -15.981587
      itr= 4        E= -26.411167
      itr= 5        E= -35.196873
  more eigenvalues=  3.889601  62.434832  158.911896  218.006787  
      itr= 6        E= -42.799454
      itr= 7        E= -43.252175
      itr= 8        E= -45.741794
      itr= 9        E= -46.098268
      itr= 10        E= -46.794571
  more eigenvalues=  3.666165  20.019062  45.784714  69.787057  97.981496  115.346582  161.239800  226.234832  250.329959  
      itr= 11        E= -47.707878
      itr= 12        E= -48.497941
      itr= 13        E= -48.818926
      itr= 14        E= -49.000225
      itr= 15        E= -49.100990
  more eigenvalues=  3.258995  18.138011  34.496594  57.622869  74.649061  82.917576  117.947079  126.874972  148.646330  185.841111  225.395341  245.681097  266.517126  326.504536  
      itr= 16        E= -49.676333
      itr= 17        E= -49.761689
      itr= 18        E= -49.825631
      itr= 19        E= -49.911495
      itr= 20        E= -49.970741
  more eigenvalues=  3.085580  16.102746  22.188010  44.530877  55.722694  69.254733  77.240012  113.080489  117.754407  128.102797  140.460168  155.916624  189.950522  219.184741  234.211791  264.117911  281.870368  314.362354  332.329732  
      itr= 21        E= -50.023019
      itr= 22        E= -50.085410
      itr= 23        E= -50.140219
      itr= 24        E= -50.166065
      itr= 25        E= -50.329693
